00
458
V55
780
531
197
153
428
715
53
724
250.11
427
218
599
812
250
789
820
574
592
664
404
414
252
185
V58
998
824
410
659
250.22
424
997
V71
711
250.6
682
493
233
486
426
432
784
440
453
577
459
578
198
996
786
491
331
455
250.92
250.12
799
787
518
401
157
295
816
V53
729
250.82
756
430
722
211
280
288
726
250.13
433
641
250.2
204
162
425
600
189
274
296
285
250.4
188
721
220
658
353
648
924
V45
250.02
38
785
465
250.7
530
604
276
552
250.8
402
728
562
537
182
241
346
398
225
617
557
443
196
560
340
435
429
584
294
891
V54
